smiles: C(CL)CL
kDegSed: 8100.0
kAirWater: 0.132739445773
kDegSoil: 1800.0
BCF: 0.42
kOrgWater: 27.5422870334
kDegSSed: None
kDegAir: 1810.0
kOctWater: 17.7827941004
MW: 84.93
kAerAir: 186.208713666
kDegAero: None
kDegWater: 900.0
vapor_pressure_at_25_C: 435.0
water_solubility_at_25_C: 10950.0
smiles: C(C1C(C(C(C(O1)O)O)O)O)O
kDegSed: 1870.0
kAirWater: 3.97191549469e-13
kDegSoil: 416.0
BCF: -0.049
kOrgWater: 0.0165576996347
kDegSSed: None
kDegAir: 2.46
kOctWater: 0.000575439937337
MW: 180.16
kAerAir: 1448771853.54
kDegAero: None
kDegWater: 208.0
vapor_pressure_at_25_C: 8.02e-14
water_solubility_at_25_C: 1000000.0
smiles: O=C(C(=O)O)O
kDegSed: 1870.0
kAirWater: 5.84790084144e-09
kDegSoil: 416.0
BCF: -0.049
kOrgWater: 0.155955250283
kDegSSed: None
kDegAir: 247.0
kOctWater: None
MW: 90.04
kAerAir: 3111716.33711
kDegAero: None
kDegWater: 208.0
vapor_pressure_at_25_C: 0.000234
water_solubility_at_25_C: 1000000.0
smiles: C(C1C(C(C(O1)(CO)O)O)O)
kDegSed: 3240.0
kAirWater: 1.08642562362e-11
kDegSoil: 720.0
BCF: -0.047
kOrgWater: 0.431519076828
kDegSSed: None
kDegAir: 5.49
kOctWater: None
MW: 164.16
kAerAir: 19230917289.1
kDegAero: None
kDegWater: 360.0
vapor_pressure_at_25_C: 0.000104
water_solubility_at_25_C: 250500.0